Перечисление множеств
{
    {1,2,3,4,5},
    {
    [1,2],
    [2,3],
    [2,4],
    [3,4],
    [5,5]
    }
}

Матрица смежности
  1  2  3  4  5
1 0  1  0  0  0
2 1  0  1  1  0
3 0  1  0  1  0
4 0  1  1  0  0
5 0  0  0  0  2


Матрица инцидентности
  a  b  c  d  e
1 1  0  0  0  0
2 1  1  1  0  0
3 0  1  0  1  0
4 0  0  1  1  0
5 0  0  0  0  2

Перечень рёбер
[
    [1,2],a
    [2,3],b
    [2,4],c
    [3,4],d
    [5,5],e
]

Векторы смежности
1  2 0 0 0
2  1 3 4 0
3  2 4 0 0
4  2 3 0 0
5  5 0 0 0

Массивы смежности
1 [2]
2 [1,3,4]
3 [2,4]
4 [2,3]
5 [5]